00000000000000000000000000000000
11111111111111111111111111111111
11111111111111111111111111111111
11111111111111111111111111111111
00000000000000000000000000000000
00000000000000000000000000000000
11111111111111111111111111111111
11111111111111111111111111111111
00000000000000000000000000000000
11111111111111111111111111111111
00000000000000000000000000000000
00000000000000000000000000000000
00000000000000000000000000000000
00000000000000000000000000000000
00000000000000000000000000000000
11111111111111111111111111111111
11111111111111111111111111111111
11111111111111111111111111111111
00000000000000000000000000000000
11111111111111111111111111111111
00000000000000000000000000000000
11111111111111111111111111111111
00000000000000000000000000000000
00000000000000000000000000000000
11111111111111111111111111111111
00000000000000000000000000000000
11111111111111111111111111111111
11111111111111111111111111111111
00000000000000000000000000000000
11111111111111111111111111111111
00000000000000000000000000000000
11111111111111111111111111111111
11111111111111111111111111111111
11111111111111111111111111111111
11111111111111111111111111111111
00000000000000000000000000000000
11111111111111111111111111111111
11111111111111111111111111111111
00000000000000000000000000000000
11111111111111111111111111111111
00000000000000000000000000000000
11111111111111111111111111111111
11111111111111111111111111111111
11111111111111111111111111111111
11111111111111111111111111111111
11111111111111111111111111111111
00000000000000000000000000000000
11111111111111111111111111111111
00000000000000000000000000000000
11111111111111111111111111111111
00000000000000000000000000000000
01010101011111111111000000000011
00110011000000000000111111111111
00001111000000000000000000000000
00000000110000000000000000000000
11111111111111111111111111111111
11111111111111111111111111111111
00000000000000000000000000000000
00000000000000000000000000000000
11111111111111111111111111111111
00000000000000000000000000000000
00000000000101010101010101010101
11111111110011001100001100110000
00000000000000111100000011110000
11111111110000000011000000001100
11111111111111111111111111111111
11111111111111111111111111111111
00000000000000000000000000000000
00000000000000000000000000000000
11111111111111111111111111111111
00000000000000000000000000000000
00000000000000000000000000000000
00000000001111111111111111111111
00000000000000000000000000000000
00000000001111111111111111111111
00000000001111111111111111111111
11111111111111111111111111111111
00000000000000000000000000000000
00000000000000000000000000000000
11111111111111111111111111111111
00000000000000000000000000000000
11111111110000000000000000000000
00000000000000000000000000000000
00000000110000000000000000000000
00000000000000000000000000000000
11111111110000000000000000000000
11111111111111111111111111111111
00000000000000000000000000000000
00000000000000000000000000000000
11111111111111111111111111111111
00000000000000000000000000000000
01111111100000000111111100010001
01111111010000000111000011011110
10000000111111111000000000010001
00000000000000000000000000100000
11111111111111111111111111111111
11111111111111111111111111111111
00000000000000000000000000000000
00000000000000000000000000000000
11111111111111111111111111111111
00000000000000000000000000000000
11010100111001011101100010110100
00011000001000110001000000001001
00011110111011000001111100111000
01100000110100000110100000110110
11111111001111111111011111001111
11111111001111111111011111001111
00000000000000000000000000000000
00000000000000000000000000000000
11111111111111111111111111111111
00000000000000000000000000000000
11111111001111111111001011001111
00000000110000000000101100110000
11111111001111111111010011001111
11111111111111111111100011111111
00000000000000000000011100000000
00000000000000000000011100000000
00000000000000000000000000000000
00000000000000000000000000000000
11111111111111111111111111111111
00000000110000000000100000110000
00000000110000000000111100110000
11111111111111111111100011111111
00000000110000000000111100110000
11111111111111111111111111111111
00000000110000000000100000110000
00000000110000000000100000110000
00000000110000000000100000110000
00000000110000000000100000110000
11111111111111111111111111111111
11111111111111111111100011111111
11111111111111111111100011111111
11111111111111111111111111111111
11111111111111111111100011111111
11111111111111111111111111111111
11111111111111111111100011111111
11111111111111111111100011111111
11111111111111111111100011111111
11111111111111111111100011111111
11111111111111111111111111111111
11111111111111111111111111111111
11111111111111111111111111111111
11111111111111111111111111111111
11111111111111111111111111111111
11111111111111111111111111111111
11111111111111111111111111111111
11111111111111111111111111111111
11111111111111111111111111111111
11111111111111111111111111111111
11111111111111111111111111111111
11111111111111111111111111111111
11111111111111111111111111111111
11111111111111111111111111111111
11111111111111111111111111111111
11111111111111111111111111111111
11111111111111111111111111111111
11111111111111111111111111111111
11111111111111111111111111111111
11111111111111111111111111111111
11111111111111111111111111111111
11111111111111111111111111111111
11111111111111111111111111111111
11111111111111111111111111111111
11111111111111111111111111111111
11111111111111111111111111111111
11111111111111111111111111111111
11111111111111111111111111111111
11111111111111111111111111111111
11111111111111111111111111111111
11111111111111111111111111111111
11111111111111111111111111111111
11111111111111111111111111111111
11111111111111111111111111111111
11111111111111111111111111111111
11111111111111111111111111111111
11111111111111111111111111111111
11111111111111111111111111111111
11111111111111111111111111111111
11111111111111111111111111111111
11111111111111111111111111111111
11111111111111111111111111111111
11111111111111111111111111111111
11111111111111111111111111111111
11111111111111111111111111111111
11111111111111111111111111111111
11111111111111111111111111111111
11111111111111111111111111111111
11111111111111111111111111111111
11111111111111111111111111111111
11111111111111111111111111111111
11111111111111111111111111111111
11111111111111111111111111111111
11111111111111111111111111111111
11111111111111111111111111111111
11111111111111111111111111111111
11111111111111111111111111111111
11111111111111111111111111111111
11111111111111111111111111111111
11111111111111111111111111111111
11111111111111111111111111111111
11111111111111111111111111111111
11111111111111111111111111111111
11111111111111111111111111111111
11111111111111111111111111111111
11111111111111111111111111111111
11111111111111111111111111111111
11111111111111111111111111111111
11111111111111111111111111111111
11111111111111111111111111111111
11111111111111111111111111111111
11111111111111111111111111111111
11111111111111111111111111111111
11111111111111111111111111111111
11111111111111111111111111111111
11111111111111111111111111111111
11111111111111111111111111111111
11111111111111111111111111111111
11111111111111111111111111111111
11111111111111111111111111111111
11111111111111111111111111111111
11111111111111111111111111111111
11111111111111111111111111111111
11111111111111111111111111111111
11111111111111111111111111111111
11111111111111111111111111111111
11111111111111111111111111111111
11111111111111111111111111111111
11111111111111111111111111111111
11111111111111111111111111111111
11111111111111111111111111111111
11111111111111111111111111111111
11111111111111111111111111111111
11111111111111111111111111111111
11111111111111111111111111111111
11111111111111111111111111111111
11111111111111111111111111111111
11111111111111111111111111111111
11111111111111111111111111111111
11111111111111111111111111111111
11111111111111111111111111111111
11111111111111111111111111111111
11111111111111111111111111111111
11111111111111111111111111111111
11111111111111111111111111111111
11111111111111111111111111111111
11111111111111111111111111111111
11111111111111111111111111111111
11111111111111111111111111111111
11111111111111111111111111111111
11111111111111111111111111111111
11111111111111111111111111111111
11111111111111111111111111111111
11111111111111111111111111111111
11111111111111111111111111111111
11111111111111111111111111111111
11111111111111111111111111111111
